# C:\Users\Righi_Gi\Desktop\KKK.txt
# Nuovo Profilo
# 13/07/2026, 15:16:55
#
# Tempo (s)	Spostamento (mm)	Velocità (mm/s)	Accelerazione (mm/s²)	Jerk (mm/s³)
0.000000	600.000000	0.000000	0.000000	-460.694811	
0.012500	599.999850	-0.035973	-5.752767	-459.274643	
0.025000	599.998802	-0.143671	-11.470065	-455.022893	
0.037500	599.995962	-0.322430	-17.116647	-447.965777	
0.050000	599.990449	-0.571148	-22.657700	-438.146802	
0.062500	599.981398	-0.888291	-28.059060	-425.626507	
0.075000	599.967965	-1.271903	-33.287426	-410.482082	
0.087500	599.949334	-1.719621	-38.310565	-392.806899	
0.100000	599.924719	-2.228683	-43.097506	-372.709931	
0.112500	599.893374	-2.795951	-47.618737	-350.315083	
0.125000	599.854592	-3.417928	-51.846382	-325.760425	
0.137500	599.807714	-4.090779	-55.754377	-299.197346	
0.150000	599.752128	-4.810355	-59.318628	-270.789616	
0.162500	599.687279	-5.572220	-62.517160	-240.712378	
0.175000	599.612666	-6.371677	-65.330252	-209.151068	
0.187500	599.527851	-7.203798	-67.740562	-176.300272	
0.200000	599.432456	-8.063451	-69.733229	-142.362526	
0.212500	599.326172	-8.945337	-71.295968	-107.547068	
0.225000	599.208753	-9.844018	-72.419143	-72.068546	
0.237500	599.080024	-10.753955	-73.095830	-36.145698	
0.250000	598.939880	-11.669536	-73.321856	-0.000000	
0.262500	598.788283	-12.586059	-73.321856	0.000000	
0.275000	598.625229	-13.502582	-73.321856	0.000000	
0.287500	598.450718	-14.419106	-73.321856	0.000000	
0.300000	598.264751	-15.335629	-73.321856	0.000000	
0.312500	598.067328	-16.252152	-73.321856	0.000000	
0.325000	597.858447	-17.168675	-73.321856	0.000000	
0.337500	597.638111	-18.085198	-73.321856	0.000000	
0.350000	597.406317	-19.001722	-73.321856	0.000000	
0.362500	597.163068	-19.918245	-73.321856	0.000000	
0.375000	596.908361	-20.834768	-73.321856	0.000000	
0.387500	596.642198	-21.751291	-73.321856	0.000000	
0.400000	596.364579	-22.667814	-73.321856	0.000000	
0.412500	596.075503	-23.584338	-73.321856	0.000000	
0.425000	595.774971	-24.500861	-73.321856	0.000000	
0.437500	595.462982	-25.417384	-73.321856	0.000000	
0.450000	595.139536	-26.333907	-73.321856	0.000000	
0.462500	594.804634	-27.250430	-73.321856	0.000000	
0.475000	594.458275	-28.166954	-73.321856	0.000000	
0.487500	594.100460	-29.083477	-73.321856	0.000000	
0.500000	593.731188	-30.000000	-73.321856	0.000000	
0.512500	593.350460	-30.916523	-73.321856	0.000000	
0.525000	592.958275	-31.833046	-73.321856	0.000000	
0.537500	592.554634	-32.749570	-73.321856	0.000000	
0.550000	592.139536	-33.666093	-73.321856	0.000000	
0.562500	591.712982	-34.582616	-73.321856	0.000000	
0.575000	591.274971	-35.499139	-73.321856	0.000000	
0.587500	590.825503	-36.415662	-73.321856	0.000000	
0.600000	590.364579	-37.332186	-73.321856	0.000000	
0.612500	589.892198	-38.248709	-73.321856	0.000000	
0.625000	589.408361	-39.165232	-73.321856	0.000000	
0.637500	588.913068	-40.081755	-73.321856	0.000000	
0.650000	588.406317	-40.998278	-73.321856	0.000000	
0.662500	587.888111	-41.914802	-73.321856	0.000000	
0.675000	587.358447	-42.831325	-73.321856	0.000000	
0.687500	586.817328	-43.747848	-73.321856	0.000000	
0.700000	586.264751	-44.664371	-73.321856	0.000000	
0.712500	585.700718	-45.580894	-73.321856	0.000000	
0.725000	585.125229	-46.497418	-73.321856	0.000000	
0.737500	584.538283	-47.413941	-73.321856	0.000000	
0.750000	583.939880	-48.330464	-73.321856	0.000000	
0.762500	583.330024	-49.246045	-73.095830	36.145698	
0.775000	582.708753	-50.155982	-72.419143	72.068546	
0.787500	582.076172	-51.054663	-71.295968	107.547068	
0.800000	581.432456	-51.936549	-69.733229	142.362526	
0.812500	580.777851	-52.796202	-67.740562	176.300272	
0.825000	580.112666	-53.628323	-65.330252	209.151068	
0.837500	579.437279	-54.427780	-62.517160	240.712378	
0.850000	578.752128	-55.189645	-59.318628	270.789616	
0.862500	578.057714	-55.909221	-55.754377	299.197346	
0.875000	577.354592	-56.582072	-51.846382	325.760425	
0.887500	576.643374	-57.204049	-47.618737	350.315083	
0.900000	575.924719	-57.771317	-43.097506	372.709931	
0.912500	575.199334	-58.280379	-38.310565	392.806899	
0.925000	574.467965	-58.728097	-33.287426	410.482082	
0.937500	573.731398	-59.111709	-28.059060	425.626507	
0.950000	572.990449	-59.428852	-22.657700	438.146802	
0.962500	572.245962	-59.677570	-17.116647	447.965777	
0.975000	571.498802	-59.856329	-11.470065	455.022893	
0.987500	570.749850	-59.964027	-5.752767	459.274643	
1.000000	570.000000	-60.000000	-0.000000	460.694811	
1.012500	569.250150	-59.964027	5.752767	459.274643	
1.025000	568.501198	-59.856329	11.470065	455.022893	
1.037500	567.754038	-59.677570	17.116647	447.965777	
1.050000	567.009551	-59.428852	22.657700	438.146802	
1.062500	566.268602	-59.111709	28.059060	425.626507	
1.075000	565.532035	-58.728097	33.287426	410.482082	
1.087500	564.800666	-58.280379	38.310565	392.806899	
1.100000	564.075281	-57.771317	43.097506	372.709931	
1.112500	563.356626	-57.204049	47.618737	350.315083	
1.125000	562.645408	-56.582072	51.846382	325.760425	
1.137500	561.942286	-55.909221	55.754377	299.197346	
1.150000	561.247872	-55.189645	59.318628	270.789616	
1.162500	560.562721	-54.427780	62.517160	240.712378	
1.175000	559.887334	-53.628323	65.330252	209.151068	
1.187500	559.222149	-52.796202	67.740562	176.300272	
1.200000	558.567544	-51.936549	69.733229	142.362526	
1.212500	557.923828	-51.054663	71.295968	107.547068	
1.225000	557.291247	-50.155982	72.419143	72.068546	
1.237500	556.669976	-49.246045	73.095830	36.145698	
1.250000	556.060120	-48.330464	73.321856	0.000000	
1.262500	555.461717	-47.413941	73.321856	0.000000	
1.275000	554.874771	-46.497418	73.321856	0.000000	
1.287500	554.299282	-45.580894	73.321856	0.000000	
1.300000	553.735249	-44.664371	73.321856	0.000000	
1.312500	553.182672	-43.747848	73.321856	0.000000	
1.325000	552.641553	-42.831325	73.321856	0.000000	
1.337500	552.111889	-41.914802	73.321856	0.000000	
1.350000	551.593683	-40.998278	73.321856	0.000000	
1.362500	551.086932	-40.081755	73.321856	0.000000	
1.375000	550.591639	-39.165232	73.321856	0.000000	
1.387500	550.107802	-38.248709	73.321856	0.000000	
1.400000	549.635421	-37.332186	73.321856	0.000000	
1.412500	549.174497	-36.415662	73.321856	0.000000	
1.425000	548.725029	-35.499139	73.321856	0.000000	
1.437500	548.287018	-34.582616	73.321856	0.000000	
1.450000	547.860464	-33.666093	73.321856	0.000000	
1.462500	547.445366	-32.749570	73.321856	0.000000	
1.475000	547.041725	-31.833046	73.321856	0.000000	
1.487500	546.649540	-30.916523	73.321856	0.000000	
1.500000	546.268812	-30.000000	73.321856	0.000000	
1.512500	545.899540	-29.083477	73.321856	0.000000	
1.525000	545.541725	-28.166954	73.321856	0.000000	
1.537500	545.195366	-27.250430	73.321856	0.000000	
1.550000	544.860464	-26.333907	73.321856	0.000000	
1.562500	544.537018	-25.417384	73.321856	0.000000	
1.575000	544.225029	-24.500861	73.321856	0.000000	
1.587500	543.924497	-23.584338	73.321856	0.000000	
1.600000	543.635421	-22.667814	73.321856	0.000000	
1.612500	543.357802	-21.751291	73.321856	0.000000	
1.625000	543.091639	-20.834768	73.321856	0.000000	
1.637500	542.836932	-19.918245	73.321856	0.000000	
1.650000	542.593683	-19.001722	73.321856	0.000000	
1.662500	542.361889	-18.085198	73.321856	0.000000	
1.675000	542.141553	-17.168675	73.321856	0.000000	
1.687500	541.932672	-16.252152	73.321856	0.000000	
1.700000	541.735249	-15.335629	73.321856	0.000000	
1.712500	541.549282	-14.419106	73.321856	0.000000	
1.725000	541.374771	-13.502582	73.321856	0.000000	
1.737500	541.211717	-12.586059	73.321856	0.000000	
1.750000	541.060120	-11.669536	73.321856	0.000000	
1.762500	540.919976	-10.753955	73.095830	-36.145698	
1.775000	540.791247	-9.844018	72.419143	-72.068546	
1.787500	540.673828	-8.945337	71.295968	-107.547068	
1.800000	540.567544	-8.063451	69.733229	-142.362526	
1.812500	540.472149	-7.203798	67.740562	-176.300272	
1.825000	540.387334	-6.371677	65.330252	-209.151068	
1.837500	540.312721	-5.572220	62.517160	-240.712378	
1.850000	540.247872	-4.810355	59.318628	-270.789616	
1.862500	540.192286	-4.090779	55.754377	-299.197346	
1.875000	540.145408	-3.417928	51.846382	-325.760425	
1.887500	540.106626	-2.795951	47.618737	-350.315083	
1.900000	540.075281	-2.228683	43.097506	-372.709931	
1.912500	540.050666	-1.719621	38.310565	-392.806899	
1.925000	540.032035	-1.271903	33.287426	-410.482082	
1.937500	540.018602	-0.888291	28.059060	-425.626507	
1.950000	540.009551	-0.571148	22.657700	-438.146802	
1.962500	540.004038	-0.322430	17.116647	-447.965777	
1.975000	540.001198	-0.143671	11.470065	-455.022893	
1.987500	540.000150	-0.035973	5.752767	-459.274643	
2.000000	540.000000	0.000000	0.000000	-460.694811	
2.012500	540.000000	0.000000	0.000000	0.000000	
2.025000	540.000000	0.000000	0.000000	0.000000	
2.037500	540.000000	0.000000	0.000000	0.000000	
2.050000	540.000000	0.000000	0.000000	0.000000	
2.062500	540.000000	0.000000	0.000000	0.000000	
2.075000	540.000000	0.000000	0.000000	0.000000	
2.087500	540.000000	0.000000	0.000000	0.000000	
2.100000	540.000000	0.000000	0.000000	0.000000	
2.112500	540.000000	0.000000	0.000000	0.000000	
2.125000	540.000000	0.000000	0.000000	0.000000	
2.137500	540.000000	0.000000	0.000000	0.000000	
2.150000	540.000000	0.000000	0.000000	0.000000	
2.162500	540.000000	0.000000	0.000000	0.000000	
2.175000	540.000000	0.000000	0.000000	0.000000	
2.187500	540.000000	0.000000	0.000000	0.000000	
2.200000	540.000000	0.000000	0.000000	0.000000	
2.212500	540.000000	0.000000	0.000000	0.000000	
2.225000	540.000000	0.000000	0.000000	0.000000	
2.237500	540.000000	0.000000	0.000000	0.000000	
2.250000	540.000000	0.000000	0.000000	0.000000	
2.262500	540.000000	0.000000	0.000000	0.000000	
2.275000	540.000000	0.000000	0.000000	0.000000	
2.287500	540.000000	0.000000	0.000000	0.000000	
2.300000	540.000000	0.000000	0.000000	0.000000	
2.312500	540.000000	0.000000	0.000000	0.000000	
2.325000	540.000000	0.000000	0.000000	0.000000	
2.337500	540.000000	0.000000	0.000000	0.000000	
2.350000	540.000000	0.000000	0.000000	0.000000	
2.362500	540.000000	0.000000	0.000000	0.000000	
2.375000	540.000000	0.000000	0.000000	0.000000	
2.387500	540.000000	0.000000	0.000000	0.000000	
2.400000	540.000000	0.000000	0.000000	0.000000	
2.412500	540.000000	0.000000	0.000000	0.000000	
2.425000	540.000000	0.000000	0.000000	0.000000	
2.437500	540.000000	0.000000	0.000000	0.000000	
2.450000	540.000000	0.000000	0.000000	0.000000	
2.462500	540.000000	0.000000	0.000000	0.000000	
2.475000	540.000000	0.000000	0.000000	0.000000	
2.487500	540.000000	0.000000	0.000000	0.000000	
2.500000	540.000000	0.000000	0.000000	0.000000	
2.512500	540.000150	0.035973	5.752767	459.274643	
2.525000	540.001198	0.143671	11.470065	455.022893	
2.537500	540.004038	0.322430	17.116647	447.965777	
2.550000	540.009551	0.571148	22.657700	438.146802	
2.562500	540.018602	0.888291	28.059060	425.626507	
2.575000	540.032035	1.271903	33.287426	410.482082	
2.587500	540.050666	1.719621	38.310565	392.806899	
2.600000	540.075281	2.228683	43.097506	372.709931	
2.612500	540.106626	2.795951	47.618737	350.315083	
2.625000	540.145408	3.417928	51.846382	325.760425	
2.637500	540.192286	4.090779	55.754377	299.197346	
2.650000	540.247872	4.810355	59.318628	270.789616	
2.662500	540.312721	5.572220	62.517160	240.712378	
2.675000	540.387334	6.371677	65.330252	209.151068	
2.687500	540.472149	7.203798	67.740562	176.300272	
2.700000	540.567544	8.063451	69.733229	142.362526	
2.712500	540.673828	8.945337	71.295968	107.547068	
2.725000	540.791247	9.844018	72.419143	72.068546	
2.737500	540.919976	10.753955	73.095830	36.145698	
2.750000	541.060120	11.669536	73.321856	0.000000	
2.762500	541.211717	12.586059	73.321856	0.000000	
2.775000	541.374771	13.502582	73.321856	0.000000	
2.787500	541.549282	14.419106	73.321856	0.000000	
2.800000	541.735249	15.335629	73.321856	0.000000	
2.812500	541.932672	16.252152	73.321856	0.000000	
2.825000	542.141553	17.168675	73.321856	0.000000	
2.837500	542.361889	18.085198	73.321856	0.000000	
2.850000	542.593683	19.001722	73.321856	0.000000	
2.862500	542.836932	19.918245	73.321856	0.000000	
2.875000	543.091639	20.834768	73.321856	0.000000	
2.887500	543.357802	21.751291	73.321856	0.000000	
2.900000	543.635421	22.667814	73.321856	0.000000	
2.912500	543.924497	23.584338	73.321856	0.000000	
2.925000	544.225029	24.500861	73.321856	0.000000	
2.937500	544.537018	25.417384	73.321856	0.000000	
2.950000	544.860464	26.333907	73.321856	0.000000	
2.962500	545.195366	27.250430	73.321856	0.000000	
2.975000	545.541725	28.166954	73.321856	0.000000	
2.987500	545.899540	29.083477	73.321856	0.000000	
3.000000	546.268812	30.000000	73.321856	0.000000	
3.012500	546.649540	30.916523	73.321856	0.000000	
3.025000	547.041725	31.833046	73.321856	0.000000	
3.037500	547.445366	32.749570	73.321856	0.000000	
3.050000	547.860464	33.666093	73.321856	0.000000	
3.062500	548.287018	34.582616	73.321856	0.000000	
3.075000	548.725029	35.499139	73.321856	0.000000	
3.087500	549.174497	36.415662	73.321856	0.000000	
3.100000	549.635421	37.332186	73.321856	0.000000	
3.112500	550.107802	38.248709	73.321856	0.000000	
3.125000	550.591639	39.165232	73.321856	0.000000	
3.137500	551.086932	40.081755	73.321856	0.000000	
3.150000	551.593683	40.998278	73.321856	0.000000	
3.162500	552.111889	41.914802	73.321856	0.000000	
3.175000	552.641553	42.831325	73.321856	0.000000	
3.187500	553.182672	43.747848	73.321856	0.000000	
3.200000	553.735249	44.664371	73.321856	0.000000	
3.212500	554.299282	45.580894	73.321856	0.000000	
3.225000	554.874771	46.497418	73.321856	0.000000	
3.237500	555.461717	47.413941	73.321856	0.000000	
3.250000	556.060120	48.330464	73.321856	0.000000	
3.262500	556.669976	49.246045	73.095830	-36.145698	
3.275000	557.291247	50.155982	72.419143	-72.068546	
3.287500	557.923828	51.054663	71.295968	-107.547068	
3.300000	558.567544	51.936549	69.733229	-142.362526	
3.312500	559.222149	52.796202	67.740562	-176.300272	
3.325000	559.887334	53.628323	65.330252	-209.151068	
3.337500	560.562721	54.427780	62.517160	-240.712378	
3.350000	561.247872	55.189645	59.318628	-270.789616	
3.362500	561.942286	55.909221	55.754377	-299.197346	
3.375000	562.645408	56.582072	51.846382	-325.760425	
3.387500	563.356626	57.204049	47.618737	-350.315083	
3.400000	564.075281	57.771317	43.097506	-372.709931	
3.412500	564.800666	58.280379	38.310565	-392.806899	
3.425000	565.532035	58.728097	33.287426	-410.482082	
3.437500	566.268602	59.111709	28.059060	-425.626507	
3.450000	567.009551	59.428852	22.657700	-438.146802	
3.462500	567.754038	59.677570	17.116647	-447.965777	
3.475000	568.501198	59.856329	11.470065	-455.022893	
3.487500	569.250150	59.964027	5.752767	-459.274643	
3.500000	570.000000	60.000000	0.000000	-460.694811	
3.512500	570.749850	59.964027	-5.752767	-459.274643	
3.525000	571.498802	59.856329	-11.470065	-455.022893	
3.537500	572.245962	59.677570	-17.116647	-447.965777	
3.550000	572.990449	59.428852	-22.657700	-438.146802	
3.562500	573.731398	59.111709	-28.059060	-425.626507	
3.575000	574.467965	58.728097	-33.287426	-410.482082	
3.587500	575.199334	58.280379	-38.310565	-392.806899	
3.600000	575.924719	57.771317	-43.097506	-372.709931	
3.612500	576.643374	57.204049	-47.618737	-350.315083	
3.625000	577.354592	56.582072	-51.846382	-325.760425	
3.637500	578.057714	55.909221	-55.754377	-299.197346	
3.650000	578.752128	55.189645	-59.318628	-270.789616	
3.662500	579.437279	54.427780	-62.517160	-240.712378	
3.675000	580.112666	53.628323	-65.330252	-209.151068	
3.687500	580.777851	52.796202	-67.740562	-176.300272	
3.700000	581.432456	51.936549	-69.733229	-142.362526	
3.712500	582.076172	51.054663	-71.295968	-107.547068	
3.725000	582.708753	50.155982	-72.419143	-72.068546	
3.737500	583.330024	49.246045	-73.095830	-36.145698	
3.750000	583.939880	48.330464	-73.321856	-0.000000	
3.762500	584.538283	47.413941	-73.321856	0.000000	
3.775000	585.125229	46.497418	-73.321856	0.000000	
3.787500	585.700718	45.580894	-73.321856	0.000000	
3.800000	586.264751	44.664371	-73.321856	0.000000	
3.812500	586.817328	43.747848	-73.321856	0.000000	
3.825000	587.358447	42.831325	-73.321856	0.000000	
3.837500	587.888111	41.914802	-73.321856	0.000000	
3.850000	588.406317	40.998278	-73.321856	0.000000	
3.862500	588.913068	40.081755	-73.321856	0.000000	
3.875000	589.408361	39.165232	-73.321856	0.000000	
3.887500	589.892198	38.248709	-73.321856	0.000000	
3.900000	590.364579	37.332186	-73.321856	0.000000	
3.912500	590.825503	36.415662	-73.321856	0.000000	
3.925000	591.274971	35.499139	-73.321856	0.000000	
3.937500	591.712982	34.582616	-73.321856	0.000000	
3.950000	592.139536	33.666093	-73.321856	0.000000	
3.962500	592.554634	32.749570	-73.321856	0.000000	
3.975000	592.958275	31.833046	-73.321856	0.000000	
3.987500	593.350460	30.916523	-73.321856	0.000000	
4.000000	593.731188	30.000000	-73.321856	0.000000	
4.012500	594.100460	29.083477	-73.321856	0.000000	
4.025000	594.458275	28.166954	-73.321856	0.000000	
4.037500	594.804634	27.250430	-73.321856	0.000000	
4.050000	595.139536	26.333907	-73.321856	0.000000	
4.062500	595.462982	25.417384	-73.321856	0.000000	
4.075000	595.774971	24.500861	-73.321856	0.000000	
4.087500	596.075503	23.584338	-73.321856	0.000000	
4.100000	596.364579	22.667814	-73.321856	0.000000	
4.112500	596.642198	21.751291	-73.321856	0.000000	
4.125000	596.908361	20.834768	-73.321856	0.000000	
4.137500	597.163068	19.918245	-73.321856	0.000000	
4.150000	597.406317	19.001722	-73.321856	0.000000	
4.162500	597.638111	18.085198	-73.321856	0.000000	
4.175000	597.858447	17.168675	-73.321856	0.000000	
4.187500	598.067328	16.252152	-73.321856	0.000000	
4.200000	598.264751	15.335629	-73.321856	0.000000	
4.212500	598.450718	14.419106	-73.321856	0.000000	
4.225000	598.625229	13.502582	-73.321856	0.000000	
4.237500	598.788283	12.586059	-73.321856	0.000000	
4.250000	598.939880	11.669536	-73.321856	0.000000	
4.262500	599.080024	10.753955	-73.095830	36.145698	
4.275000	599.208753	9.844018	-72.419143	72.068546	
4.287500	599.326172	8.945337	-71.295968	107.547068	
4.300000	599.432456	8.063451	-69.733229	142.362526	
4.312500	599.527851	7.203798	-67.740562	176.300272	
4.325000	599.612666	6.371677	-65.330252	209.151068	
4.337500	599.687279	5.572220	-62.517160	240.712378	
4.350000	599.752128	4.810355	-59.318628	270.789616	
4.362500	599.807714	4.090779	-55.754377	299.197346	
4.375000	599.854592	3.417928	-51.846382	325.760425	
4.387500	599.893374	2.795951	-47.618737	350.315083	
4.400000	599.924719	2.228683	-43.097506	372.709931	
4.412500	599.949334	1.719621	-38.310565	392.806899	
4.425000	599.967965	1.271903	-33.287426	410.482082	
4.437500	599.981398	0.888291	-28.059060	425.626507	
4.450000	599.990449	0.571148	-22.657700	438.146802	
4.462500	599.995962	0.322430	-17.116647	447.965777	
4.475000	599.998802	0.143671	-11.470065	455.022893	
4.487500	599.999850	0.035973	-5.752767	459.274643	
4.500000	600.000000	-0.000000	-0.000000	460.694811	
4.512500	600.000000	0.000000	0.000000	0.000000	
4.525000	600.000000	0.000000	0.000000	0.000000	
4.537500	600.000000	0.000000	0.000000	0.000000	
4.550000	600.000000	0.000000	0.000000	0.000000	
4.562500	600.000000	0.000000	0.000000	0.000000	
4.575000	600.000000	0.000000	0.000000	0.000000	
4.587500	600.000000	0.000000	0.000000	0.000000	
4.600000	600.000000	0.000000	0.000000	0.000000	
4.612500	600.000000	0.000000	0.000000	0.000000	
4.625000	600.000000	0.000000	0.000000	0.000000	
4.637500	600.000000	0.000000	0.000000	0.000000	
4.650000	600.000000	0.000000	0.000000	0.000000	
4.662500	600.000000	0.000000	0.000000	0.000000	
4.675000	600.000000	0.000000	0.000000	0.000000	
4.687500	600.000000	0.000000	0.000000	0.000000	
4.700000	600.000000	0.000000	0.000000	0.000000	
4.712500	600.000000	0.000000	0.000000	0.000000	
4.725000	600.000000	0.000000	0.000000	0.000000	
4.737500	600.000000	0.000000	0.000000	0.000000	
4.750000	600.000000	0.000000	0.000000	0.000000	
4.762500	600.000000	0.000000	0.000000	0.000000	
4.775000	600.000000	0.000000	0.000000	0.000000	
4.787500	600.000000	0.000000	0.000000	0.000000	
4.800000	600.000000	0.000000	0.000000	0.000000	
4.812500	600.000000	0.000000	0.000000	0.000000	
4.825000	600.000000	0.000000	0.000000	0.000000	
4.837500	600.000000	0.000000	0.000000	0.000000	
4.850000	600.000000	0.000000	0.000000	0.000000	
4.862500	600.000000	0.000000	0.000000	0.000000	
4.875000	600.000000	0.000000	0.000000	0.000000	
4.887500	600.000000	0.000000	0.000000	0.000000	
4.900000	600.000000	0.000000	0.000000	0.000000	
4.912500	600.000000	0.000000	0.000000	0.000000	
4.925000	600.000000	0.000000	0.000000	0.000000	
4.937500	600.000000	0.000000	0.000000	0.000000	
4.950000	600.000000	0.000000	0.000000	0.000000	
4.962500	600.000000	0.000000	0.000000	0.000000	
4.975000	600.000000	0.000000	0.000000	0.000000	
4.987500	600.000000	0.000000	0.000000	0.000000	
5.000000	600.000000	0.000000	0.000000	0.000000	
5.012500	599.999951	-0.011793	-1.886807	-150.912801	
5.025000	599.999607	-0.047165	-3.772423	-150.769806	
5.037500	599.998674	-0.106094	-5.655656	-150.531582	
5.050000	599.996857	-0.188542	-7.535316	-150.198279	
5.062500	599.993862	-0.294457	-9.410217	-149.770107	
5.075000	599.989398	-0.423772	-11.279175	-149.247338	
5.087500	599.983171	-0.576407	-13.141008	-148.630300	
5.100000	599.974891	-0.752263	-14.994541	-147.919385	
5.112500	599.964268	-0.951231	-16.838603	-147.115040	
5.125000	599.951014	-1.173184	-18.672030	-146.217775	
5.137500	599.934843	-1.417982	-20.493663	-145.228155	
5.150000	599.915470	-1.685471	-22.302352	-144.146806	
5.162500	599.892612	-1.975482	-24.096954	-142.974411	
5.175000	599.865990	-2.287832	-25.876336	-141.711710	
5.187500	599.835324	-2.622323	-27.639373	-140.359501	
5.200000	599.800341	-2.978743	-29.384954	-138.918637	
5.212500	599.760765	-3.356869	-31.111974	-137.390030	
5.225000	599.716329	-3.756461	-32.819343	-135.774645	
5.237500	599.666765	-4.177266	-34.505983	-134.073501	
5.250000	599.611810	-4.619020	-36.170828	-132.287673	
5.262500	599.551204	-5.081442	-37.812826	-130.418290	
5.275000	599.484689	-5.564241	-39.430942	-128.466532	
5.287500	599.412014	-6.067112	-41.024151	-126.433631	
5.300000	599.332929	-6.589737	-42.591450	-124.320873	
5.312500	599.247190	-7.131786	-44.131846	-122.129590	
5.325000	599.154555	-7.692917	-45.644368	-119.861168	
5.337500	599.054789	-8.272775	-47.128060	-117.517039	
5.350000	598.947659	-8.870994	-48.581985	-115.098684	
5.362500	598.832939	-9.487197	-50.005224	-112.607630	
5.375000	598.710406	-10.120993	-51.396879	-110.045451	
5.387500	598.579843	-10.771983	-52.756071	-107.413764	
5.400000	598.441037	-11.439756	-54.081940	-104.714233	
5.412500	598.293781	-12.123889	-55.373651	-101.948562	
5.425000	598.137873	-12.823952	-56.630386	-99.118498	
5.437500	597.973117	-13.539500	-57.851352	-96.225829	
5.450000	597.799323	-14.270083	-59.035779	-93.272381	
5.462500	597.616304	-15.015239	-60.182916	-90.260021	
5.475000	597.423883	-15.774498	-61.292042	-87.190650	
5.487500	597.221885	-16.547379	-62.362453	-84.066208	
5.500000	597.010144	-17.333395	-63.393476	-80.888668	
5.512500	596.788498	-18.132049	-64.384457	-77.660037	
5.525000	596.556792	-18.942837	-65.334772	-74.382354	
5.537500	596.314878	-19.765246	-66.243820	-71.057690	
5.550000	596.062615	-20.598758	-67.111027	-67.688144	
5.562500	595.799865	-21.442845	-67.935846	-64.275844	
5.575000	595.526502	-22.296975	-68.717754	-60.822947	
5.587500	595.242401	-23.160608	-69.456259	-57.331633	
5.600000	594.947449	-24.033199	-70.150894	-53.804107	
5.612500	594.641536	-24.914196	-70.801220	-50.242597	
5.625000	594.324562	-25.803043	-71.406827	-46.649352	
5.637500	593.996430	-26.699179	-71.967331	-43.026643	
5.650000	593.657054	-27.602037	-72.482380	-39.376758	
5.662500	593.306353	-28.511048	-72.951647	-35.702001	
5.675000	592.944255	-29.425636	-73.374836	-32.004694	
5.687500	592.570692	-30.345225	-73.751680	-28.287172	
5.700000	592.185606	-31.269234	-74.081941	-24.551784	
5.712500	591.788945	-32.197079	-74.365410	-20.800888	
5.725000	591.380665	-33.128174	-74.601908	-17.036854	
5.737500	590.960729	-34.061930	-74.791286	-13.262058	
5.750000	590.529108	-34.997759	-74.933425	-9.478887	
5.762500	590.085779	-35.935069	-75.028233	-5.689728	
5.775000	589.630728	-36.873267	-75.075653	-1.896975	
5.787500	589.163946	-37.811775	-75.081581	0.000000	
5.800000	588.685433	-38.750294	-75.081581	0.000000	
5.812500	588.195189	-39.688814	-75.081581	0.000000	
5.825000	587.693213	-40.627334	-75.081581	0.000000	
5.837500	587.179506	-41.565854	-75.081581	0.000000	
5.850000	586.654067	-42.504374	-75.081581	0.000000	
5.862500	586.116896	-43.442893	-75.081581	0.000000	
5.875000	585.567994	-44.381413	-75.081581	0.000000	
5.887500	585.007361	-45.319933	-75.081581	0.000000	
5.900000	584.434996	-46.258453	-75.081581	0.000000	
5.912500	583.850900	-47.196972	-75.081581	0.000000	
5.925000	583.255072	-48.135492	-75.081581	0.000000	
5.937500	582.647512	-49.074012	-75.081581	0.000000	
5.950000	582.028221	-50.012532	-75.081581	0.000000	
5.962500	581.397199	-50.951051	-75.081581	0.000000	
5.975000	580.754445	-51.889571	-75.081581	0.000000	
5.987500	580.099960	-52.828091	-75.081581	0.000000	
6.000000	579.433743	-53.766611	-75.081581	0.000000	
6.012500	578.755794	-54.705130	-75.081581	0.000000	
6.025000	578.066115	-55.643650	-75.081581	0.000000	
6.037500	577.364703	-56.582170	-75.081581	0.000000	
6.050000	576.651560	-57.520690	-75.081581	0.000000	
6.062500	575.926686	-58.459210	-75.081581	0.000000	
6.075000	575.190080	-59.397729	-75.081581	0.000000	
6.087500	574.441743	-60.336249	-75.081581	0.000000	
6.100000	573.681674	-61.274769	-75.081581	0.000000	
6.112500	572.909874	-62.213289	-75.081581	0.000000	
6.125000	572.126342	-63.151808	-75.081581	0.000000	
6.137500	571.331078	-64.090328	-75.081581	0.000000	
6.150000	570.524083	-65.028848	-75.081581	0.000000	
6.162500	569.705357	-65.967368	-75.081581	0.000000	
6.175000	568.874899	-66.905887	-75.081581	0.000000	
6.187500	568.032710	-67.844407	-75.081581	0.000000	
6.200000	567.178789	-68.782927	-75.081581	0.000000	
6.212500	566.313137	-69.721447	-75.081581	0.000000	
6.225000	565.435753	-70.659966	-75.081581	0.000000	
6.237500	564.546638	-71.598486	-75.081581	0.000000	
6.250000	563.645791	-72.537006	-75.081581	0.000000	
6.262500	562.733212	-73.475526	-75.081581	0.000000	
6.275000	561.808903	-74.414045	-75.081581	0.000000	
6.287500	560.872861	-75.352565	-75.081581	0.000000	
6.300000	559.925089	-76.291085	-75.081581	0.000000	
6.312500	558.965584	-77.229605	-75.081581	0.000000	
6.325000	557.994348	-78.168125	-75.081581	0.000000	
6.337500	557.011381	-79.106644	-75.081581	0.000000	
6.350000	556.016682	-80.045164	-75.081581	0.000000	
6.362500	555.010252	-80.983684	-75.081581	0.000000	
6.375000	553.992090	-81.922204	-75.081581	0.000000	
6.387500	552.962197	-82.860723	-75.081581	0.000000	
6.400000	551.920572	-83.799243	-75.081581	0.000000	
6.412500	550.867216	-84.737763	-75.081581	0.000000	
6.425000	549.802128	-85.676283	-75.081581	0.000000	
6.437500	548.725309	-86.614802	-75.081581	0.000000	
6.450000	547.636758	-87.553322	-75.081581	0.000000	
6.462500	546.536476	-88.491842	-75.081581	0.000000	
6.475000	545.424462	-89.430362	-75.081581	0.000000	
6.487500	544.300717	-90.368881	-75.081581	0.000000	
6.500000	543.165240	-91.307401	-75.081581	0.000000	
6.512500	542.018032	-92.245921	-75.081581	0.000000	
6.525000	540.859092	-93.184441	-75.081581	0.000000	
6.537500	539.688421	-94.122960	-75.081581	0.000000	
6.550000	538.506018	-95.061480	-75.081581	0.000000	
6.562500	537.311884	-96.000000	-75.081581	0.000000	
6.575000	536.106018	-96.938520	-75.081581	0.000000	
6.587500	534.888421	-97.877040	-75.081581	0.000000	
6.600000	533.659092	-98.815559	-75.081581	0.000000	
6.612500	532.418032	-99.754079	-75.081581	0.000000	
6.625000	531.165240	-100.692599	-75.081581	0.000000	
6.637500	529.900717	-101.631119	-75.081581	0.000000	
6.650000	528.624462	-102.569638	-75.081581	0.000000	
6.662500	527.336476	-103.508158	-75.081581	0.000000	
6.675000	526.036758	-104.446678	-75.081581	0.000000	
6.687500	524.725309	-105.385198	-75.081581	0.000000	
6.700000	523.402128	-106.323717	-75.081581	0.000000	
6.712500	522.067216	-107.262237	-75.081581	0.000000	
6.725000	520.720572	-108.200757	-75.081581	0.000000	
6.737500	519.362197	-109.139277	-75.081581	0.000000	
6.750000	517.992090	-110.077796	-75.081581	0.000000	
6.762500	516.610252	-111.016316	-75.081581	0.000000	
6.775000	515.216682	-111.954836	-75.081581	0.000000	
6.787500	513.811381	-112.893356	-75.081581	0.000000	
6.800000	512.394348	-113.831875	-75.081581	0.000000	
6.812500	510.965584	-114.770395	-75.081581	0.000000	
6.825000	509.525089	-115.708915	-75.081581	0.000000	
6.837500	508.072861	-116.647435	-75.081581	0.000000	
6.850000	506.608903	-117.585955	-75.081581	0.000000	
6.862500	505.133212	-118.524474	-75.081581	0.000000	
6.875000	503.645791	-119.462994	-75.081581	0.000000	
6.887500	502.146638	-120.401514	-75.081581	0.000000	
6.900000	500.635753	-121.340034	-75.081581	0.000000	
6.912500	499.113137	-122.278553	-75.081581	0.000000	
6.925000	497.578789	-123.217073	-75.081581	0.000000	
6.937500	496.032710	-124.155593	-75.081581	0.000000	
6.950000	494.474899	-125.094113	-75.081581	0.000000	
6.962500	492.905357	-126.032632	-75.081581	0.000000	
6.975000	491.324083	-126.971152	-75.081581	0.000000	
6.987500	489.731078	-127.909672	-75.081581	0.000000	
7.000000	488.126342	-128.848192	-75.081581	0.000000	
7.012500	486.509874	-129.786711	-75.081581	0.000000	
7.025000	484.881674	-130.725231	-75.081581	0.000000	
7.037500	483.241743	-131.663751	-75.081581	0.000000	
7.050000	481.590080	-132.602271	-75.081581	0.000000	
7.062500	479.926686	-133.540790	-75.081581	0.000000	
7.075000	478.251560	-134.479310	-75.081581	0.000000	
7.087500	476.564703	-135.417830	-75.081581	0.000000	
7.100000	474.866115	-136.356350	-75.081581	0.000000	
7.112500	473.155794	-137.294870	-75.081581	0.000000	
7.125000	471.433743	-138.233389	-75.081581	0.000000	
7.137500	469.699960	-139.171909	-75.081581	0.000000	
7.150000	467.954445	-140.110429	-75.081581	0.000000	
7.162500	466.197199	-141.048949	-75.081581	0.000000	
7.175000	464.428221	-141.987468	-75.081581	0.000000	
7.187500	462.647512	-142.925988	-75.081581	0.000000	
7.200000	460.855072	-143.864508	-75.081581	0.000000	
7.212500	459.050900	-144.803028	-75.081581	0.000000	
7.225000	457.234996	-145.741547	-75.081581	0.000000	
7.237500	455.407361	-146.680067	-75.081581	0.000000	
7.250000	453.567994	-147.618587	-75.081581	0.000000	
7.262500	451.716896	-148.557107	-75.081581	0.000000	
7.275000	449.854067	-149.495626	-75.081581	0.000000	
7.287500	447.979506	-150.434146	-75.081581	0.000000	
7.300000	446.093213	-151.372666	-75.081581	0.000000	
7.312500	444.195189	-152.311186	-75.081581	0.000000	
7.325000	442.285433	-153.249706	-75.081581	0.000000	
7.337500	440.363946	-154.188225	-75.081581	0.000000	
7.350000	438.430728	-155.126733	-75.075653	1.896975	
7.362500	436.485779	-156.064931	-75.028233	5.689728	
7.375000	434.529108	-157.002241	-74.933425	9.478887	
7.387500	432.560729	-157.938070	-74.791286	13.262058	
7.400000	430.580665	-158.871826	-74.601908	17.036854	
7.412500	428.588945	-159.802921	-74.365410	20.800888	
7.425000	426.585606	-160.730766	-74.081941	24.551784	
7.437500	424.570692	-161.654775	-73.751680	28.287172	
7.450000	422.544255	-162.574364	-73.374836	32.004694	
7.462500	420.506353	-163.488952	-72.951647	35.702001	
7.475000	418.457054	-164.397963	-72.482380	39.376758	
7.487500	416.396430	-165.300821	-71.967331	43.026643	
7.500000	414.324562	-166.196957	-71.406827	46.649352	
7.512500	412.241536	-167.085804	-70.801220	50.242597	
7.525000	410.147449	-167.966801	-70.150894	53.804107	
7.537500	408.042401	-168.839392	-69.456259	57.331633	
7.550000	405.926502	-169.703025	-68.717754	60.822947	
7.562500	403.799865	-170.557155	-67.935846	64.275844	
7.575000	401.662615	-171.401242	-67.111027	67.688144	
7.587500	399.514878	-172.234754	-66.243820	71.057690	
7.600000	397.356792	-173.057163	-65.334772	74.382354	
7.612500	395.188498	-173.867951	-64.384457	77.660037	
7.625000	393.010144	-174.666605	-63.393476	80.888668	
7.637500	390.821885	-175.452621	-62.362453	84.066208	
7.650000	388.623883	-176.225502	-61.292042	87.190650	
7.662500	386.416304	-176.984761	-60.182916	90.260021	
7.675000	384.199323	-177.729917	-59.035779	93.272381	
7.687500	381.973117	-178.460500	-57.851352	96.225829	
7.700000	379.737873	-179.176048	-56.630386	99.118498	
7.712500	377.493781	-179.876111	-55.373651	101.948562	
7.725000	375.241037	-180.560244	-54.081940	104.714233	
7.737500	372.979843	-181.228017	-52.756071	107.413764	
7.750000	370.710406	-181.879007	-51.396879	110.045451	
7.762500	368.432939	-182.512803	-50.005224	112.607630	
7.775000	366.147659	-183.129006	-48.581985	115.098684	
7.787500	363.854789	-183.727225	-47.128060	117.517039	
7.800000	361.554555	-184.307083	-45.644368	119.861168	
7.812500	359.247190	-184.868214	-44.131846	122.129590	
7.825000	356.932929	-185.410263	-42.591450	124.320873	
7.837500	354.612014	-185.932888	-41.024151	126.433631	
7.850000	352.284689	-186.435759	-39.430942	128.466532	
7.862500	349.951204	-186.918558	-37.812826	130.418290	
7.875000	347.611810	-187.380980	-36.170828	132.287673	
7.887500	345.266765	-187.822734	-34.505983	134.073501	
7.900000	342.916329	-188.243539	-32.819343	135.774645	
7.912500	340.560765	-188.643131	-31.111974	137.390030	
7.925000	338.200341	-189.021257	-29.384954	138.918637	
7.937500	335.835324	-189.377677	-27.639373	140.359501	
7.950000	333.465990	-189.712168	-25.876336	141.711710	
7.962500	331.092612	-190.024518	-24.096954	142.974411	
7.975000	328.715470	-190.314529	-22.302352	144.146806	
7.987500	326.334843	-190.582018	-20.493663	145.228155	
8.000000	323.951014	-190.826816	-18.672030	146.217775	
8.012500	321.564268	-191.048769	-16.838603	147.115040	
8.025000	319.174891	-191.247737	-14.994541	147.919385	
8.037500	316.783171	-191.423593	-13.141008	148.630300	
8.050000	314.389398	-191.576228	-11.279175	149.247338	
8.062500	311.993862	-191.705543	-9.410217	149.770107	
8.075000	309.596857	-191.811458	-7.535316	150.198279	
8.087500	307.198674	-191.893906	-5.655656	150.531582	
8.100000	304.799607	-191.952835	-3.772423	150.769806	
8.112500	302.399951	-191.988207	-1.886807	150.912801	
8.125000	300.000000	-192.000000	-0.000000	150.960476	
8.137500	297.600049	-191.988207	1.886807	150.912801	
8.150000	295.200393	-191.952835	3.772423	150.769806	
8.162500	292.801326	-191.893906	5.655656	150.531582	
8.175000	290.403143	-191.811458	7.535316	150.198279	
8.187500	288.006138	-191.705543	9.410217	149.770107	
8.200000	285.610602	-191.576228	11.279175	149.247338	
8.212500	283.216829	-191.423593	13.141008	148.630300	
8.225000	280.825109	-191.247737	14.994541	147.919385	
8.237500	278.435732	-191.048769	16.838603	147.115040	
8.250000	276.048986	-190.826816	18.672030	146.217775	
8.262500	273.665157	-190.582018	20.493663	145.228155	
8.275000	271.284530	-190.314529	22.302352	144.146806	
8.287500	268.907388	-190.024518	24.096954	142.974411	
8.300000	266.534010	-189.712168	25.876336	141.711710	
8.312500	264.164676	-189.377677	27.639373	140.359501	
8.325000	261.799659	-189.021257	29.384954	138.918637	
8.337500	259.439235	-188.643131	31.111974	137.390030	
8.350000	257.083671	-188.243539	32.819343	135.774645	
8.362500	254.733235	-187.822734	34.505983	134.073501	
8.375000	252.388190	-187.380980	36.170828	132.287673	
8.387500	250.048796	-186.918558	37.812826	130.418290	
8.400000	247.715311	-186.435759	39.430942	128.466532	
8.412500	245.387986	-185.932888	41.024151	126.433631	
8.425000	243.067071	-185.410263	42.591450	124.320873	
8.437500	240.752810	-184.868214	44.131846	122.129590	
8.450000	238.445445	-184.307083	45.644368	119.861168	
8.462500	236.145211	-183.727225	47.128060	117.517039	
8.475000	233.852341	-183.129006	48.581985	115.098684	
8.487500	231.567061	-182.512803	50.005224	112.607630	
8.500000	229.289594	-181.879007	51.396879	110.045451	
8.512500	227.020157	-181.228017	52.756071	107.413764	
8.525000	224.758963	-180.560244	54.081940	104.714233	
8.537500	222.506219	-179.876111	55.373651	101.948562	
8.550000	220.262127	-179.176048	56.630386	99.118498	
8.562500	218.026883	-178.460500	57.851352	96.225829	
8.575000	215.800677	-177.729917	59.035779	93.272381	
8.587500	213.583696	-176.984761	60.182916	90.260021	
8.600000	211.376117	-176.225502	61.292042	87.190650	
8.612500	209.178115	-175.452621	62.362453	84.066208	
8.625000	206.989856	-174.666605	63.393476	80.888668	
8.637500	204.811502	-173.867951	64.384457	77.660037	
8.650000	202.643208	-173.057163	65.334772	74.382354	
8.662500	200.485122	-172.234754	66.243820	71.057690	
8.675000	198.337385	-171.401242	67.111027	67.688144	
8.687500	196.200135	-170.557155	67.935846	64.275844	
8.700000	194.073498	-169.703025	68.717754	60.822947	
8.712500	191.957599	-168.839392	69.456259	57.331633	
8.725000	189.852551	-167.966801	70.150894	53.804107	
8.737500	187.758464	-167.085804	70.801220	50.242597	
8.750000	185.675438	-166.196957	71.406827	46.649352	
8.762500	183.603570	-165.300821	71.967331	43.026643	
8.775000	181.542946	-164.397963	72.482380	39.376758	
8.787500	179.493647	-163.488952	72.951647	35.702001	
8.800000	177.455745	-162.574364	73.374836	32.004694	
8.812500	175.429308	-161.654775	73.751680	28.287172	
8.825000	173.414394	-160.730766	74.081941	24.551784	
8.837500	171.411055	-159.802921	74.365410	20.800888	
8.850000	169.419335	-158.871826	74.601908	17.036854	
8.862500	167.439271	-157.938070	74.791286	13.262058	
8.875000	165.470892	-157.002241	74.933425	9.478887	
8.887500	163.514221	-156.064931	75.028233	5.689728	
8.900000	161.569272	-155.126733	75.075653	1.896975	
8.912500	159.636054	-154.188225	75.081581	0.000000	
8.925000	157.714567	-153.249706	75.081581	0.000000	
8.937500	155.804811	-152.311186	75.081581	0.000000	
8.950000	153.906787	-151.372666	75.081581	0.000000	
8.962500	152.020494	-150.434146	75.081581	0.000000	
8.975000	150.145933	-149.495626	75.081581	0.000000	
8.987500	148.283104	-148.557107	75.081581	0.000000	
9.000000	146.432006	-147.618587	75.081581	0.000000	
9.012500	144.592639	-146.680067	75.081581	0.000000	
9.025000	142.765004	-145.741547	75.081581	0.000000	
9.037500	140.949100	-144.803028	75.081581	0.000000	
9.050000	139.144928	-143.864508	75.081581	0.000000	
9.062500	137.352488	-142.925988	75.081581	0.000000	
9.075000	135.571779	-141.987468	75.081581	0.000000	
9.087500	133.802801	-141.048949	75.081581	0.000000	
9.100000	132.045555	-140.110429	75.081581	0.000000	
9.112500	130.300040	-139.171909	75.081581	0.000000	
9.125000	128.566257	-138.233389	75.081581	0.000000	
9.137500	126.844206	-137.294870	75.081581	0.000000	
9.150000	125.133885	-136.356350	75.081581	0.000000	
9.162500	123.435297	-135.417830	75.081581	0.000000	
9.175000	121.748440	-134.479310	75.081581	0.000000	
9.187500	120.073314	-133.540790	75.081581	0.000000	
9.200000	118.409920	-132.602271	75.081581	0.000000	
9.212500	116.758257	-131.663751	75.081581	0.000000	
9.225000	115.118326	-130.725231	75.081581	0.000000	
9.237500	113.490126	-129.786711	75.081581	0.000000	
9.250000	111.873658	-128.848192	75.081581	0.000000	
9.262500	110.268922	-127.909672	75.081581	0.000000	
9.275000	108.675917	-126.971152	75.081581	0.000000	
9.287500	107.094643	-126.032632	75.081581	0.000000	
9.300000	105.525101	-125.094113	75.081581	0.000000	
9.312500	103.967290	-124.155593	75.081581	0.000000	
9.325000	102.421211	-123.217073	75.081581	0.000000	
9.337500	100.886863	-122.278553	75.081581	0.000000	
9.350000	99.364247	-121.340034	75.081581	0.000000	
9.362500	97.853362	-120.401514	75.081581	0.000000	
9.375000	96.354209	-119.462994	75.081581	0.000000	
9.387500	94.866788	-118.524474	75.081581	0.000000	
9.400000	93.391097	-117.585955	75.081581	0.000000	
9.412500	91.927139	-116.647435	75.081581	0.000000	
9.425000	90.474911	-115.708915	75.081581	0.000000	
9.437500	89.034416	-114.770395	75.081581	0.000000	
9.450000	87.605652	-113.831875	75.081581	0.000000	
9.462500	86.188619	-112.893356	75.081581	0.000000	
9.475000	84.783318	-111.954836	75.081581	0.000000	
9.487500	83.389748	-111.016316	75.081581	0.000000	
9.500000	82.007910	-110.077796	75.081581	0.000000	
9.512500	80.637803	-109.139277	75.081581	0.000000	
9.525000	79.279428	-108.200757	75.081581	0.000000	
9.537500	77.932784	-107.262237	75.081581	0.000000	
9.550000	76.597872	-106.323717	75.081581	0.000000	
9.562500	75.274691	-105.385198	75.081581	0.000000	
9.575000	73.963242	-104.446678	75.081581	0.000000	
9.587500	72.663524	-103.508158	75.081581	0.000000	
9.600000	71.375538	-102.569638	75.081581	0.000000	
9.612500	70.099283	-101.631119	75.081581	0.000000	
9.625000	68.834760	-100.692599	75.081581	0.000000	
9.637500	67.581968	-99.754079	75.081581	0.000000	
9.650000	66.340908	-98.815559	75.081581	0.000000	
9.662500	65.111579	-97.877040	75.081581	0.000000	
9.675000	63.893982	-96.938520	75.081581	0.000000	
9.687500	62.688116	-96.000000	75.081581	0.000000	
9.700000	61.493982	-95.061480	75.081581	0.000000	
9.712500	60.311579	-94.122960	75.081581	0.000000	
9.725000	59.140908	-93.184441	75.081581	0.000000	
9.737500	57.981968	-92.245921	75.081581	0.000000	
9.750000	56.834760	-91.307401	75.081581	0.000000	
9.762500	55.699283	-90.368881	75.081581	0.000000	
9.775000	54.575538	-89.430362	75.081581	0.000000	
9.787500	53.463524	-88.491842	75.081581	0.000000	
9.800000	52.363242	-87.553322	75.081581	0.000000	
9.812500	51.274691	-86.614802	75.081581	0.000000	
9.825000	50.197872	-85.676283	75.081581	0.000000	
9.837500	49.132784	-84.737763	75.081581	0.000000	
9.850000	48.079428	-83.799243	75.081581	0.000000	
9.862500	47.037803	-82.860723	75.081581	0.000000	
9.875000	46.007910	-81.922204	75.081581	0.000000	
9.887500	44.989748	-80.983684	75.081581	0.000000	
9.900000	43.983318	-80.045164	75.081581	0.000000	
9.912500	42.988619	-79.106644	75.081581	0.000000	
9.925000	42.005652	-78.168125	75.081581	0.000000	
9.937500	41.034416	-77.229605	75.081581	0.000000	
9.950000	40.074911	-76.291085	75.081581	0.000000	
9.962500	39.127139	-75.352565	75.081581	0.000000	
9.975000	38.191097	-74.414045	75.081581	0.000000	
9.987500	37.266788	-73.475526	75.081581	0.000000	
10.000000	36.354209	-72.537006	75.081581	0.000000	
10.012500	35.453362	-71.598486	75.081581	0.000000	
10.025000	34.564247	-70.659966	75.081581	0.000000	
10.037500	33.686863	-69.721447	75.081581	0.000000	
10.050000	32.821211	-68.782927	75.081581	0.000000	
10.062500	31.967290	-67.844407	75.081581	0.000000	
10.075000	31.125101	-66.905887	75.081581	0.000000	
10.087500	30.294643	-65.967368	75.081581	0.000000	
10.100000	29.475917	-65.028848	75.081581	0.000000	
10.112500	28.668922	-64.090328	75.081581	0.000000	
10.125000	27.873658	-63.151808	75.081581	0.000000	
10.137500	27.090126	-62.213289	75.081581	0.000000	
10.150000	26.318326	-61.274769	75.081581	0.000000	
10.162500	25.558257	-60.336249	75.081581	0.000000	
10.175000	24.809920	-59.397729	75.081581	0.000000	
10.187500	24.073314	-58.459210	75.081581	0.000000	
10.200000	23.348440	-57.520690	75.081581	0.000000	
10.212500	22.635297	-56.582170	75.081581	0.000000	
10.225000	21.933885	-55.643650	75.081581	0.000000	
10.237500	21.244206	-54.705130	75.081581	0.000000	
10.250000	20.566257	-53.766611	75.081581	0.000000	
10.262500	19.900040	-52.828091	75.081581	0.000000	
10.275000	19.245555	-51.889571	75.081581	0.000000	
10.287500	18.602801	-50.951051	75.081581	0.000000	
10.300000	17.971779	-50.012532	75.081581	0.000000	
10.312500	17.352488	-49.074012	75.081581	0.000000	
10.325000	16.744928	-48.135492	75.081581	0.000000	
10.337500	16.149100	-47.196972	75.081581	0.000000	
10.350000	15.565004	-46.258453	75.081581	0.000000	
10.362500	14.992639	-45.319933	75.081581	0.000000	
10.375000	14.432006	-44.381413	75.081581	0.000000	
10.387500	13.883104	-43.442893	75.081581	0.000000	
10.400000	13.345933	-42.504374	75.081581	0.000000	
10.412500	12.820494	-41.565854	75.081581	0.000000	
10.425000	12.306787	-40.627334	75.081581	0.000000	
10.437500	11.804811	-39.688814	75.081581	0.000000	
10.450000	11.314567	-38.750294	75.081581	0.000000	
10.462500	10.836054	-37.811775	75.081581	0.000000	
10.475000	10.369272	-36.873267	75.075653	-1.896975	
10.487500	9.914221	-35.935069	75.028233	-5.689728	
10.500000	9.470892	-34.997759	74.933425	-9.478887	
10.512500	9.039271	-34.061930	74.791286	-13.262058	
10.525000	8.619335	-33.128174	74.601908	-17.036854	
10.537500	8.211055	-32.197079	74.365410	-20.800888	
10.550000	7.814394	-31.269234	74.081941	-24.551784	
10.562500	7.429308	-30.345225	73.751680	-28.287172	
10.575000	7.055745	-29.425636	73.374836	-32.004694	
10.587500	6.693647	-28.511048	72.951647	-35.702001	
10.600000	6.342946	-27.602037	72.482380	-39.376758	
10.612500	6.003570	-26.699179	71.967331	-43.026643	
10.625000	5.675438	-25.803043	71.406827	-46.649352	
10.637500	5.358464	-24.914196	70.801220	-50.242597	
10.650000	5.052551	-24.033199	70.150894	-53.804107	
10.662500	4.757599	-23.160608	69.456259	-57.331633	
10.675000	4.473498	-22.296975	68.717754	-60.822947	
10.687500	4.200135	-21.442845	67.935846	-64.275844	
10.700000	3.937385	-20.598758	67.111027	-67.688144	
10.712500	3.685122	-19.765246	66.243820	-71.057690	
10.725000	3.443208	-18.942837	65.334772	-74.382354	
10.737500	3.211502	-18.132049	64.384457	-77.660037	
10.750000	2.989856	-17.333395	63.393476	-80.888668	
10.762500	2.778115	-16.547379	62.362453	-84.066208	
10.775000	2.576117	-15.774498	61.292042	-87.190650	
10.787500	2.383696	-15.015239	60.182916	-90.260021	
10.800000	2.200677	-14.270083	59.035779	-93.272381	
10.812500	2.026883	-13.539500	57.851352	-96.225829	
10.825000	1.862127	-12.823952	56.630386	-99.118498	
10.837500	1.706219	-12.123889	55.373651	-101.948562	
10.850000	1.558963	-11.439756	54.081940	-104.714233	
10.862500	1.420157	-10.771983	52.756071	-107.413764	
10.875000	1.289594	-10.120993	51.396879	-110.045451	
10.887500	1.167061	-9.487197	50.005224	-112.607630	
10.900000	1.052341	-8.870994	48.581985	-115.098684	
10.912500	0.945211	-8.272775	47.128060	-117.517039	
10.925000	0.845445	-7.692917	45.644368	-119.861168	
10.937500	0.752810	-7.131786	44.131846	-122.129590	
10.950000	0.667071	-6.589737	42.591450	-124.320873	
10.962500	0.587986	-6.067112	41.024151	-126.433631	
10.975000	0.515311	-5.564241	39.430942	-128.466532	
10.987500	0.448796	-5.081442	37.812826	-130.418290	
11.000000	0.388190	-4.619020	36.170828	-132.287673	
11.012500	0.333235	-4.177266	34.505983	-134.073501	
11.025000	0.283671	-3.756461	32.819343	-135.774645	
11.037500	0.239235	-3.356869	31.111974	-137.390030	
11.050000	0.199659	-2.978743	29.384954	-138.918637	
11.062500	0.164676	-2.622323	27.639373	-140.359501	
11.075000	0.134010	-2.287832	25.876336	-141.711710	
11.087500	0.107388	-1.975482	24.096954	-142.974411	
11.100000	0.084530	-1.685471	22.302352	-144.146806	
11.112500	0.065157	-1.417982	20.493663	-145.228155	
11.125000	0.048986	-1.173184	18.672030	-146.217775	
11.137500	0.035732	-0.951231	16.838603	-147.115040	
11.150000	0.025109	-0.752263	14.994541	-147.919385	
11.162500	0.016829	-0.576407	13.141008	-148.630300	
11.175000	0.010602	-0.423772	11.279175	-149.247338	
11.187500	0.006138	-0.294457	9.410217	-149.770107	
11.200000	0.003143	-0.188542	7.535316	-150.198279	
11.212500	0.001326	-0.106094	5.655656	-150.531582	
11.225000	0.000393	-0.047165	3.772423	-150.769806	
11.237500	0.000049	-0.011793	1.886807	-150.912801	
11.250000	0.000000	-0.000000	0.000000	-150.960476	
11.262500	0.000000	0.000000	0.000000	0.000000	
11.275000	0.000000	0.000000	0.000000	0.000000	
11.287500	0.000000	0.000000	0.000000	0.000000	
11.300000	0.000000	0.000000	0.000000	0.000000	
11.312500	0.000000	0.000000	0.000000	0.000000	
11.325000	0.000000	0.000000	0.000000	0.000000	
11.337500	0.000000	0.000000	0.000000	0.000000	
11.350000	0.000000	0.000000	0.000000	0.000000	
11.362500	0.000000	0.000000	0.000000	0.000000	
11.375000	0.000000	0.000000	0.000000	0.000000	
11.387500	0.000000	0.000000	0.000000	0.000000	
11.400000	0.000000	0.000000	0.000000	0.000000	
11.412500	0.000000	0.000000	0.000000	0.000000	
11.425000	0.000000	0.000000	0.000000	0.000000	
11.437500	0.000000	0.000000	0.000000	0.000000	
11.450000	0.000000	0.000000	0.000000	0.000000	
11.462500	0.000000	0.000000	0.000000	0.000000	
11.475000	0.000000	0.000000	0.000000	0.000000	
11.487500	0.000000	0.000000	0.000000	0.000000	
11.500000	0.000000	0.000000	0.000000	0.000000	
11.512500	0.000000	0.000000	0.000000	0.000000	
11.525000	0.000000	0.000000	0.000000	0.000000	
11.537500	0.000000	0.000000	0.000000	0.000000	
11.550000	0.000000	0.000000	0.000000	0.000000	
11.562500	0.000000	0.000000	0.000000	0.000000	
11.575000	0.000000	0.000000	0.000000	0.000000	
11.587500	0.000000	0.000000	0.000000	0.000000	
11.600000	0.000000	0.000000	0.000000	0.000000	
11.612500	0.000000	0.000000	0.000000	0.000000	
11.625000	0.000000	0.000000	0.000000	0.000000	
11.637500	0.000000	0.000000	0.000000	0.000000	
11.650000	0.000000	0.000000	0.000000	0.000000	
11.662500	0.000000	0.000000	0.000000	0.000000	
11.675000	0.000000	0.000000	0.000000	0.000000	
11.687500	0.000000	0.000000	0.000000	0.000000	
11.700000	0.000000	0.000000	0.000000	0.000000	
11.712500	0.000000	0.000000	0.000000	0.000000	
11.725000	0.000000	0.000000	0.000000	0.000000	
11.737500	0.000000	0.000000	0.000000	0.000000	
11.750000	0.000000	0.000000	0.000000	0.000000	
11.762500	0.000049	0.011793	1.886807	150.912801	
11.775000	0.000393	0.047165	3.772423	150.769806	
11.787500	0.001326	0.106094	5.655656	150.531582	
11.800000	0.003143	0.188542	7.535316	150.198279	
11.812500	0.006138	0.294457	9.410217	149.770107	
11.825000	0.010602	0.423772	11.279175	149.247338	
11.837500	0.016829	0.576407	13.141008	148.630300	
11.850000	0.025109	0.752263	14.994541	147.919385	
11.862500	0.035732	0.951231	16.838603	147.115040	
11.875000	0.048986	1.173184	18.672030	146.217775	
11.887500	0.065157	1.417982	20.493663	145.228155	
11.900000	0.084530	1.685471	22.302352	144.146806	
11.912500	0.107388	1.975482	24.096954	142.974411	
11.925000	0.134010	2.287832	25.876336	141.711710	
11.937500	0.164676	2.622323	27.639373	140.359501	
11.950000	0.199659	2.978743	29.384954	138.918637	
11.962500	0.239235	3.356869	31.111974	137.390030	
11.975000	0.283671	3.756461	32.819343	135.774645	
11.987500	0.333235	4.177266	34.505983	134.073501	
12.000000	0.388190	4.619020	36.170828	132.287673	
12.012500	0.448796	5.081442	37.812826	130.418290	
12.025000	0.515311	5.564241	39.430942	128.466532	
12.037500	0.587986	6.067112	41.024151	126.433631	
12.050000	0.667071	6.589737	42.591450	124.320873	
12.062500	0.752810	7.131786	44.131846	122.129590	
12.075000	0.845445	7.692917	45.644368	119.861168	
12.087500	0.945211	8.272775	47.128060	117.517039	
12.100000	1.052341	8.870994	48.581985	115.098684	
12.112500	1.167061	9.487197	50.005224	112.607630	
12.125000	1.289594	10.120993	51.396879	110.045451	
12.137500	1.420157	10.771983	52.756071	107.413764	
12.150000	1.558963	11.439756	54.081940	104.714233	
12.162500	1.706219	12.123889	55.373651	101.948562	
12.175000	1.862127	12.823952	56.630386	99.118498	
12.187500	2.026883	13.539500	57.851352	96.225829	
12.200000	2.200677	14.270083	59.035779	93.272381	
12.212500	2.383696	15.015239	60.182916	90.260021	
12.225000	2.576117	15.774498	61.292042	87.190650	
12.237500	2.778115	16.547379	62.362453	84.066208	
12.250000	2.989856	17.333395	63.393476	80.888668	
12.262500	3.211502	18.132049	64.384457	77.660037	
12.275000	3.443208	18.942837	65.334772	74.382354	
12.287500	3.685122	19.765246	66.243820	71.057690	
12.300000	3.937385	20.598758	67.111027	67.688144	
12.312500	4.200135	21.442845	67.935846	64.275844	
12.325000	4.473498	22.296975	68.717754	60.822947	
12.337500	4.757599	23.160608	69.456259	57.331633	
12.350000	5.052551	24.033199	70.150894	53.804107	
12.362500	5.358464	24.914196	70.801220	50.242597	
12.375000	5.675438	25.803043	71.406827	46.649352	
12.387500	6.003570	26.699179	71.967331	43.026643	
12.400000	6.342946	27.602037	72.482380	39.376758	
12.412500	6.693647	28.511048	72.951647	35.702001	
12.425000	7.055745	29.425636	73.374836	32.004694	
12.437500	7.429308	30.345225	73.751680	28.287172	
12.450000	7.814394	31.269234	74.081941	24.551784	
12.462500	8.211055	32.197079	74.365410	20.800888	
12.475000	8.619335	33.128174	74.601908	17.036854	
12.487500	9.039271	34.061930	74.791286	13.262058	
12.500000	9.470892	34.997759	74.933425	9.478887	
12.512500	9.914221	35.935069	75.028233	5.689728	
12.525000	10.369272	36.873267	75.075653	1.896975	
12.537500	10.836054	37.811775	75.081581	0.000000	
12.550000	11.314567	38.750294	75.081581	0.000000	
12.562500	11.804811	39.688814	75.081581	0.000000	
12.575000	12.306787	40.627334	75.081581	0.000000	
12.587500	12.820494	41.565854	75.081581	0.000000	
12.600000	13.345933	42.504374	75.081581	0.000000	
12.612500	13.883104	43.442893	75.081581	0.000000	
12.625000	14.432006	44.381413	75.081581	0.000000	
12.637500	14.992639	45.319933	75.081581	0.000000	
12.650000	15.565004	46.258453	75.081581	0.000000	
12.662500	16.149100	47.196972	75.081581	0.000000	
12.675000	16.744928	48.135492	75.081581	0.000000	
12.687500	17.352488	49.074012	75.081581	0.000000	
12.700000	17.971779	50.012532	75.081581	0.000000	
12.712500	18.602801	50.951051	75.081581	0.000000	
12.725000	19.245555	51.889571	75.081581	0.000000	
12.737500	19.900040	52.828091	75.081581	0.000000	
12.750000	20.566257	53.766611	75.081581	0.000000	
12.762500	21.244206	54.705130	75.081581	0.000000	
12.775000	21.933885	55.643650	75.081581	0.000000	
12.787500	22.635297	56.582170	75.081581	0.000000	
12.800000	23.348440	57.520690	75.081581	0.000000	
12.812500	24.073314	58.459210	75.081581	0.000000	
12.825000	24.809920	59.397729	75.081581	0.000000	
12.837500	25.558257	60.336249	75.081581	0.000000	
12.850000	26.318326	61.274769	75.081581	0.000000	
12.862500	27.090126	62.213289	75.081581	0.000000	
12.875000	27.873658	63.151808	75.081581	0.000000	
12.887500	28.668922	64.090328	75.081581	0.000000	
12.900000	29.475917	65.028848	75.081581	0.000000	
12.912500	30.294643	65.967368	75.081581	0.000000	
12.925000	31.125101	66.905887	75.081581	0.000000	
12.937500	31.967290	67.844407	75.081581	0.000000	
12.950000	32.821211	68.782927	75.081581	0.000000	
12.962500	33.686863	69.721447	75.081581	0.000000	
12.975000	34.564247	70.659966	75.081581	0.000000	
12.987500	35.453362	71.598486	75.081581	0.000000	
13.000000	36.354209	72.537006	75.081581	0.000000	
13.012500	37.266788	73.475526	75.081581	0.000000	
13.025000	38.191097	74.414045	75.081581	0.000000	
13.037500	39.127139	75.352565	75.081581	0.000000	
13.050000	40.074911	76.291085	75.081581	0.000000	
13.062500	41.034416	77.229605	75.081581	0.000000	
13.075000	42.005652	78.168125	75.081581	0.000000	
13.087500	42.988619	79.106644	75.081581	0.000000	
13.100000	43.983318	80.045164	75.081581	0.000000	
13.112500	44.989748	80.983684	75.081581	0.000000	
13.125000	46.007910	81.922204	75.081581	0.000000	
13.137500	47.037803	82.860723	75.081581	0.000000	
13.150000	48.079428	83.799243	75.081581	0.000000	
13.162500	49.132784	84.737763	75.081581	0.000000	
13.175000	50.197872	85.676283	75.081581	0.000000	
13.187500	51.274691	86.614802	75.081581	0.000000	
13.200000	52.363242	87.553322	75.081581	0.000000	
13.212500	53.463524	88.491842	75.081581	0.000000	
13.225000	54.575538	89.430362	75.081581	0.000000	
13.237500	55.699283	90.368881	75.081581	0.000000	
13.250000	56.834760	91.307401	75.081581	0.000000	
13.262500	57.981968	92.245921	75.081581	0.000000	
13.275000	59.140908	93.184441	75.081581	0.000000	
13.287500	60.311579	94.122960	75.081581	0.000000	
13.300000	61.493982	95.061480	75.081581	0.000000	
13.312500	62.688116	96.000000	75.081581	0.000000	
13.325000	63.893982	96.938520	75.081581	0.000000	
13.337500	65.111579	97.877040	75.081581	0.000000	
13.350000	66.340908	98.815559	75.081581	0.000000	
13.362500	67.581968	99.754079	75.081581	0.000000	
13.375000	68.834760	100.692599	75.081581	0.000000	
13.387500	70.099283	101.631119	75.081581	0.000000	
13.400000	71.375538	102.569638	75.081581	0.000000	
13.412500	72.663524	103.508158	75.081581	0.000000	
13.425000	73.963242	104.446678	75.081581	0.000000	
13.437500	75.274691	105.385198	75.081581	0.000000	
13.450000	76.597872	106.323717	75.081581	0.000000	
13.462500	77.932784	107.262237	75.081581	0.000000	
13.475000	79.279428	108.200757	75.081581	0.000000	
13.487500	80.637803	109.139277	75.081581	0.000000	
13.500000	82.007910	110.077796	75.081581	0.000000	
13.512500	83.389748	111.016316	75.081581	0.000000	
13.525000	84.783318	111.954836	75.081581	0.000000	
13.537500	86.188619	112.893356	75.081581	0.000000	
13.550000	87.605652	113.831875	75.081581	0.000000	
13.562500	89.034416	114.770395	75.081581	0.000000	
13.575000	90.474911	115.708915	75.081581	0.000000	
13.587500	91.927139	116.647435	75.081581	0.000000	
13.600000	93.391097	117.585955	75.081581	0.000000	
13.612500	94.866788	118.524474	75.081581	0.000000	
13.625000	96.354209	119.462994	75.081581	0.000000	
13.637500	97.853362	120.401514	75.081581	0.000000	
13.650000	99.364247	121.340034	75.081581	0.000000	
13.662500	100.886863	122.278553	75.081581	0.000000	
13.675000	102.421211	123.217073	75.081581	0.000000	
13.687500	103.967290	124.155593	75.081581	0.000000	
13.700000	105.525101	125.094113	75.081581	0.000000	
13.712500	107.094643	126.032632	75.081581	0.000000	
13.725000	108.675917	126.971152	75.081581	0.000000	
13.737500	110.268922	127.909672	75.081581	0.000000	
13.750000	111.873658	128.848192	75.081581	0.000000	
13.762500	113.490126	129.786711	75.081581	0.000000	
13.775000	115.118326	130.725231	75.081581	0.000000	
13.787500	116.758257	131.663751	75.081581	0.000000	
13.800000	118.409920	132.602271	75.081581	0.000000	
13.812500	120.073314	133.540790	75.081581	0.000000	
13.825000	121.748440	134.479310	75.081581	0.000000	
13.837500	123.435297	135.417830	75.081581	0.000000	
13.850000	125.133885	136.356350	75.081581	0.000000	
13.862500	126.844206	137.294870	75.081581	0.000000	
13.875000	128.566257	138.233389	75.081581	0.000000	
13.887500	130.300040	139.171909	75.081581	0.000000	
13.900000	132.045555	140.110429	75.081581	0.000000	
13.912500	133.802801	141.048949	75.081581	0.000000	
13.925000	135.571779	141.987468	75.081581	0.000000	
13.937500	137.352488	142.925988	75.081581	0.000000	
13.950000	139.144928	143.864508	75.081581	0.000000	
13.962500	140.949100	144.803028	75.081581	0.000000	
13.975000	142.765004	145.741547	75.081581	0.000000	
13.987500	144.592639	146.680067	75.081581	0.000000	
14.000000	146.432006	147.618587	75.081581	0.000000	
14.012500	148.283104	148.557107	75.081581	0.000000	
14.025000	150.145933	149.495626	75.081581	0.000000	
14.037500	152.020494	150.434146	75.081581	0.000000	
14.050000	153.906787	151.372666	75.081581	0.000000	
14.062500	155.804811	152.311186	75.081581	0.000000	
14.075000	157.714567	153.249706	75.081581	0.000000	
14.087500	159.636054	154.188225	75.081581	0.000000	
14.100000	161.569272	155.126733	75.075653	-1.896975	
14.112500	163.514221	156.064931	75.028233	-5.689728	
14.125000	165.470892	157.002241	74.933425	-9.478887	
14.137500	167.439271	157.938070	74.791286	-13.262058	
14.150000	169.419335	158.871826	74.601908	-17.036854	
14.162500	171.411055	159.802921	74.365410	-20.800888	
14.175000	173.414394	160.730766	74.081941	-24.551784	
14.187500	175.429308	161.654775	73.751680	-28.287172	
14.200000	177.455745	162.574364	73.374836	-32.004694	
14.212500	179.493647	163.488952	72.951647	-35.702001	
14.225000	181.542946	164.397963	72.482380	-39.376758	
14.237500	183.603570	165.300821	71.967331	-43.026643	
14.250000	185.675438	166.196957	71.406827	-46.649352	
14.262500	187.758464	167.085804	70.801220	-50.242597	
14.275000	189.852551	167.966801	70.150894	-53.804107	
14.287500	191.957599	168.839392	69.456259	-57.331633	
14.300000	194.073498	169.703025	68.717754	-60.822947	
14.312500	196.200135	170.557155	67.935846	-64.275844	
14.325000	198.337385	171.401242	67.111027	-67.688144	
14.337500	200.485122	172.234754	66.243820	-71.057690	
14.350000	202.643208	173.057163	65.334772	-74.382354	
14.362500	204.811502	173.867951	64.384457	-77.660037	
14.375000	206.989856	174.666605	63.393476	-80.888668	
14.387500	209.178115	175.452621	62.362453	-84.066208	
14.400000	211.376117	176.225502	61.292042	-87.190650	
14.412500	213.583696	176.984761	60.182916	-90.260021	
14.425000	215.800677	177.729917	59.035779	-93.272381	
14.437500	218.026883	178.460500	57.851352	-96.225829	
14.450000	220.262127	179.176048	56.630386	-99.118498	
14.462500	222.506219	179.876111	55.373651	-101.948562	
14.475000	224.758963	180.560244	54.081940	-104.714233	
14.487500	227.020157	181.228017	52.756071	-107.413764	
14.500000	229.289594	181.879007	51.396879	-110.045451	
14.512500	231.567061	182.512803	50.005224	-112.607630	
14.525000	233.852341	183.129006	48.581985	-115.098684	
14.537500	236.145211	183.727225	47.128060	-117.517039	
14.550000	238.445445	184.307083	45.644368	-119.861168	
14.562500	240.752810	184.868214	44.131846	-122.129590	
14.575000	243.067071	185.410263	42.591450	-124.320873	
14.587500	245.387986	185.932888	41.024151	-126.433631	
14.600000	247.715311	186.435759	39.430942	-128.466532	
14.612500	250.048796	186.918558	37.812826	-130.418290	
14.625000	252.388190	187.380980	36.170828	-132.287673	
14.637500	254.733235	187.822734	34.505983	-134.073501	
14.650000	257.083671	188.243539	32.819343	-135.774645	
14.662500	259.439235	188.643131	31.111974	-137.390030	
14.675000	261.799659	189.021257	29.384954	-138.918637	
14.687500	264.164676	189.377677	27.639373	-140.359501	
14.700000	266.534010	189.712168	25.876336	-141.711710	
14.712500	268.907388	190.024518	24.096954	-142.974411	
14.725000	271.284530	190.314529	22.302352	-144.146806	
14.737500	273.665157	190.582018	20.493663	-145.228155	
14.750000	276.048986	190.826816	18.672030	-146.217775	
14.762500	278.435732	191.048769	16.838603	-147.115040	
14.775000	280.825109	191.247737	14.994541	-147.919385	
14.787500	283.216829	191.423593	13.141008	-148.630300	
14.800000	285.610602	191.576228	11.279175	-149.247338	
14.812500	288.006138	191.705543	9.410217	-149.770107	
14.825000	290.403143	191.811458	7.535316	-150.198279	
14.837500	292.801326	191.893906	5.655656	-150.531582	
14.850000	295.200393	191.952835	3.772423	-150.769806	
14.862500	297.600049	191.988207	1.886807	-150.912801	
14.875000	300.000000	192.000000	0.000000	-150.960476	
14.887500	302.399951	191.988207	-1.886807	-150.912801	
14.900000	304.799607	191.952835	-3.772423	-150.769806	
14.912500	307.198674	191.893906	-5.655656	-150.531582	
14.925000	309.596857	191.811458	-7.535316	-150.198279	
14.937500	311.993862	191.705543	-9.410217	-149.770107	
14.950000	314.389398	191.576228	-11.279175	-149.247338	
14.962500	316.783171	191.423593	-13.141008	-148.630300	
14.975000	319.174891	191.247737	-14.994541	-147.919385	
14.987500	321.564268	191.048769	-16.838603	-147.115040	
15.000000	323.951014	190.826816	-18.672030	-146.217775	
15.012500	326.334843	190.582018	-20.493663	-145.228155	
15.025000	328.715470	190.314529	-22.302352	-144.146806	
15.037500	331.092612	190.024518	-24.096954	-142.974411	
15.050000	333.465990	189.712168	-25.876336	-141.711710	
15.062500	335.835324	189.377677	-27.639373	-140.359501	
15.075000	338.200341	189.021257	-29.384954	-138.918637	
15.087500	340.560765	188.643131	-31.111974	-137.390030	
15.100000	342.916329	188.243539	-32.819343	-135.774645	
15.112500	345.266765	187.822734	-34.505983	-134.073501	
15.125000	347.611810	187.380980	-36.170828	-132.287673	
15.137500	349.951204	186.918558	-37.812826	-130.418290	
15.150000	352.284689	186.435759	-39.430942	-128.466532	
15.162500	354.612014	185.932888	-41.024151	-126.433631	
15.175000	356.932929	185.410263	-42.591450	-124.320873	
15.187500	359.247190	184.868214	-44.131846	-122.129590	
15.200000	361.554555	184.307083	-45.644368	-119.861168	
15.212500	363.854789	183.727225	-47.128060	-117.517039	
15.225000	366.147659	183.129006	-48.581985	-115.098684	
15.237500	368.432939	182.512803	-50.005224	-112.607630	
15.250000	370.710406	181.879007	-51.396879	-110.045451	
15.262500	372.979843	181.228017	-52.756071	-107.413764	
15.275000	375.241037	180.560244	-54.081940	-104.714233	
15.287500	377.493781	179.876111	-55.373651	-101.948562	
15.300000	379.737873	179.176048	-56.630386	-99.118498	
15.312500	381.973117	178.460500	-57.851352	-96.225829	
15.325000	384.199323	177.729917	-59.035779	-93.272381	
15.337500	386.416304	176.984761	-60.182916	-90.260021	
15.350000	388.623883	176.225502	-61.292042	-87.190650	
15.362500	390.821885	175.452621	-62.362453	-84.066208	
15.375000	393.010144	174.666605	-63.393476	-80.888668	
15.387500	395.188498	173.867951	-64.384457	-77.660037	
15.400000	397.356792	173.057163	-65.334772	-74.382354	
15.412500	399.514878	172.234754	-66.243820	-71.057690	
15.425000	401.662615	171.401242	-67.111027	-67.688144	
15.437500	403.799865	170.557155	-67.935846	-64.275844	
15.450000	405.926502	169.703025	-68.717754	-60.822947	
15.462500	408.042401	168.839392	-69.456259	-57.331633	
15.475000	410.147449	167.966801	-70.150894	-53.804107	
15.487500	412.241536	167.085804	-70.801220	-50.242597	
15.500000	414.324562	166.196957	-71.406827	-46.649352	
15.512500	416.396430	165.300821	-71.967331	-43.026643	
15.525000	418.457054	164.397963	-72.482380	-39.376758	
15.537500	420.506353	163.488952	-72.951647	-35.702001	
15.550000	422.544255	162.574364	-73.374836	-32.004694	
15.562500	424.570692	161.654775	-73.751680	-28.287172	
15.575000	426.585606	160.730766	-74.081941	-24.551784	
15.587500	428.588945	159.802921	-74.365410	-20.800888	
15.600000	430.580665	158.871826	-74.601908	-17.036854	
15.612500	432.560729	157.938070	-74.791286	-13.262058	
15.625000	434.529108	157.002241	-74.933425	-9.478887	
15.637500	436.485779	156.064931	-75.028233	-5.689728	
15.650000	438.430728	155.126733	-75.075653	-1.896975	
15.662500	440.363946	154.188225	-75.081581	0.000000	
15.675000	442.285433	153.249706	-75.081581	0.000000	
15.687500	444.195189	152.311186	-75.081581	0.000000	
15.700000	446.093213	151.372666	-75.081581	0.000000	
15.712500	447.979506	150.434146	-75.081581	0.000000	
15.725000	449.854067	149.495626	-75.081581	0.000000	
15.737500	451.716896	148.557107	-75.081581	0.000000	
15.750000	453.567994	147.618587	-75.081581	0.000000	
15.762500	455.407361	146.680067	-75.081581	0.000000	
15.775000	457.234996	145.741547	-75.081581	0.000000	
15.787500	459.050900	144.803028	-75.081581	0.000000	
15.800000	460.855072	143.864508	-75.081581	0.000000	
15.812500	462.647512	142.925988	-75.081581	0.000000	
15.825000	464.428221	141.987468	-75.081581	0.000000	
15.837500	466.197199	141.048949	-75.081581	0.000000	
15.850000	467.954445	140.110429	-75.081581	0.000000	
15.862500	469.699960	139.171909	-75.081581	0.000000	
15.875000	471.433743	138.233389	-75.081581	0.000000	
15.887500	473.155794	137.294870	-75.081581	0.000000	
15.900000	474.866115	136.356350	-75.081581	0.000000	
15.912500	476.564703	135.417830	-75.081581	0.000000	
15.925000	478.251560	134.479310	-75.081581	0.000000	
15.937500	479.926686	133.540790	-75.081581	0.000000	
15.950000	481.590080	132.602271	-75.081581	0.000000	
15.962500	483.241743	131.663751	-75.081581	0.000000	
15.975000	484.881674	130.725231	-75.081581	0.000000	
15.987500	486.509874	129.786711	-75.081581	0.000000	
16.000000	488.126342	128.848192	-75.081581	0.000000	
16.012500	489.731078	127.909672	-75.081581	0.000000	
16.025000	491.324083	126.971152	-75.081581	0.000000	
16.037500	492.905357	126.032632	-75.081581	0.000000	
16.050000	494.474899	125.094113	-75.081581	0.000000	
16.062500	496.032710	124.155593	-75.081581	0.000000	
16.075000	497.578789	123.217073	-75.081581	0.000000	
16.087500	499.113137	122.278553	-75.081581	0.000000	
16.100000	500.635753	121.340034	-75.081581	0.000000	
16.112500	502.146638	120.401514	-75.081581	0.000000	
16.125000	503.645791	119.462994	-75.081581	0.000000	
16.137500	505.133212	118.524474	-75.081581	0.000000	
16.150000	506.608903	117.585955	-75.081581	0.000000	
16.162500	508.072861	116.647435	-75.081581	0.000000	
16.175000	509.525089	115.708915	-75.081581	0.000000	
16.187500	510.965584	114.770395	-75.081581	0.000000	
16.200000	512.394348	113.831875	-75.081581	0.000000	
16.212500	513.811381	112.893356	-75.081581	0.000000	
16.225000	515.216682	111.954836	-75.081581	0.000000	
16.237500	516.610252	111.016316	-75.081581	0.000000	
16.250000	517.992090	110.077796	-75.081581	0.000000	
16.262500	519.362197	109.139277	-75.081581	0.000000	
16.275000	520.720572	108.200757	-75.081581	0.000000	
16.287500	522.067216	107.262237	-75.081581	0.000000	
16.300000	523.402128	106.323717	-75.081581	0.000000	
16.312500	524.725309	105.385198	-75.081581	0.000000	
16.325000	526.036758	104.446678	-75.081581	0.000000	
16.337500	527.336476	103.508158	-75.081581	0.000000	
16.350000	528.624462	102.569638	-75.081581	0.000000	
16.362500	529.900717	101.631119	-75.081581	0.000000	
16.375000	531.165240	100.692599	-75.081581	0.000000	
16.387500	532.418032	99.754079	-75.081581	0.000000	
16.400000	533.659092	98.815559	-75.081581	0.000000	
16.412500	534.888421	97.877040	-75.081581	0.000000	
16.425000	536.106018	96.938520	-75.081581	0.000000	
16.437500	537.311884	96.000000	-75.081581	0.000000	
16.450000	538.506018	95.061480	-75.081581	0.000000	
16.462500	539.688421	94.122960	-75.081581	0.000000	
16.475000	540.859092	93.184441	-75.081581	0.000000	
16.487500	542.018032	92.245921	-75.081581	0.000000	
16.500000	543.165240	91.307401	-75.081581	0.000000	
16.512500	544.300717	90.368881	-75.081581	0.000000	
16.525000	545.424462	89.430362	-75.081581	0.000000	
16.537500	546.536476	88.491842	-75.081581	0.000000	
16.550000	547.636758	87.553322	-75.081581	0.000000	
16.562500	548.725309	86.614802	-75.081581	0.000000	
16.575000	549.802128	85.676283	-75.081581	0.000000	
16.587500	550.867216	84.737763	-75.081581	0.000000	
16.600000	551.920572	83.799243	-75.081581	0.000000	
16.612500	552.962197	82.860723	-75.081581	0.000000	
16.625000	553.992090	81.922204	-75.081581	0.000000	
16.637500	555.010252	80.983684	-75.081581	0.000000	
16.650000	556.016682	80.045164	-75.081581	0.000000	
16.662500	557.011381	79.106644	-75.081581	0.000000	
16.675000	557.994348	78.168125	-75.081581	0.000000	
16.687500	558.965584	77.229605	-75.081581	0.000000	
16.700000	559.925089	76.291085	-75.081581	0.000000	
16.712500	560.872861	75.352565	-75.081581	0.000000	
16.725000	561.808903	74.414045	-75.081581	0.000000	
16.737500	562.733212	73.475526	-75.081581	0.000000	
16.750000	563.645791	72.537006	-75.081581	0.000000	
16.762500	564.546638	71.598486	-75.081581	0.000000	
16.775000	565.435753	70.659966	-75.081581	0.000000	
16.787500	566.313137	69.721447	-75.081581	0.000000	
16.800000	567.178789	68.782927	-75.081581	0.000000	
16.812500	568.032710	67.844407	-75.081581	0.000000	
16.825000	568.874899	66.905887	-75.081581	0.000000	
16.837500	569.705357	65.967368	-75.081581	0.000000	
16.850000	570.524083	65.028848	-75.081581	0.000000	
16.862500	571.331078	64.090328	-75.081581	0.000000	
16.875000	572.126342	63.151808	-75.081581	0.000000	
16.887500	572.909874	62.213289	-75.081581	0.000000	
16.900000	573.681674	61.274769	-75.081581	0.000000	
16.912500	574.441743	60.336249	-75.081581	0.000000	
16.925000	575.190080	59.397729	-75.081581	0.000000	
16.937500	575.926686	58.459210	-75.081581	0.000000	
16.950000	576.651560	57.520690	-75.081581	0.000000	
16.962500	577.364703	56.582170	-75.081581	0.000000	
16.975000	578.066115	55.643650	-75.081581	0.000000	
16.987500	578.755794	54.705130	-75.081581	0.000000	
17.000000	579.433743	53.766611	-75.081581	0.000000	
17.012500	580.099960	52.828091	-75.081581	0.000000	
17.025000	580.754445	51.889571	-75.081581	0.000000	
17.037500	581.397199	50.951051	-75.081581	0.000000	
17.050000	582.028221	50.012532	-75.081581	0.000000	
17.062500	582.647512	49.074012	-75.081581	0.000000	
17.075000	583.255072	48.135492	-75.081581	0.000000	
17.087500	583.850900	47.196972	-75.081581	0.000000	
17.100000	584.434996	46.258453	-75.081581	0.000000	
17.112500	585.007361	45.319933	-75.081581	0.000000	
17.125000	585.567994	44.381413	-75.081581	0.000000	
17.137500	586.116896	43.442893	-75.081581	0.000000	
17.150000	586.654067	42.504374	-75.081581	0.000000	
17.162500	587.179506	41.565854	-75.081581	0.000000	
17.175000	587.693213	40.627334	-75.081581	0.000000	
17.187500	588.195189	39.688814	-75.081581	0.000000	
17.200000	588.685433	38.750294	-75.081581	0.000000	
17.212500	589.163946	37.811775	-75.081581	0.000000	
17.225000	589.630728	36.873267	-75.075653	1.896975	
17.237500	590.085779	35.935069	-75.028233	5.689728	
17.250000	590.529108	34.997759	-74.933425	9.478887	
17.262500	590.960729	34.061930	-74.791286	13.262058	
17.275000	591.380665	33.128174	-74.601908	17.036854	
17.287500	591.788945	32.197079	-74.365410	20.800888	
17.300000	592.185606	31.269234	-74.081941	24.551784	
17.312500	592.570692	30.345225	-73.751680	28.287172	
17.325000	592.944255	29.425636	-73.374836	32.004694	
17.337500	593.306353	28.511048	-72.951647	35.702001	
17.350000	593.657054	27.602037	-72.482380	39.376758	
17.362500	593.996430	26.699179	-71.967331	43.026643	
17.375000	594.324562	25.803043	-71.406827	46.649352	
17.387500	594.641536	24.914196	-70.801220	50.242597	
17.400000	594.947449	24.033199	-70.150894	53.804107	
17.412500	595.242401	23.160608	-69.456259	57.331633	
17.425000	595.526502	22.296975	-68.717754	60.822947	
17.437500	595.799865	21.442845	-67.935846	64.275844	
17.450000	596.062615	20.598758	-67.111027	67.688144	
17.462500	596.314878	19.765246	-66.243820	71.057690	
17.475000	596.556792	18.942837	-65.334772	74.382354	
17.487500	596.788498	18.132049	-64.384457	77.660037	
17.500000	597.010144	17.333395	-63.393476	80.888668	
17.512500	597.221885	16.547379	-62.362453	84.066208	
17.525000	597.423883	15.774498	-61.292042	87.190650	
17.537500	597.616304	15.015239	-60.182916	90.260021	
17.550000	597.799323	14.270083	-59.035779	93.272381	
17.562500	597.973117	13.539500	-57.851352	96.225829	
17.575000	598.137873	12.823952	-56.630386	99.118498	
17.587500	598.293781	12.123889	-55.373651	101.948562	
17.600000	598.441037	11.439756	-54.081940	104.714233	
17.612500	598.579843	10.771983	-52.756071	107.413764	
17.625000	598.710406	10.120993	-51.396879	110.045451	
17.637500	598.832939	9.487197	-50.005224	112.607630	
17.650000	598.947659	8.870994	-48.581985	115.098684	
17.662500	599.054789	8.272775	-47.128060	117.517039	
17.675000	599.154555	7.692917	-45.644368	119.861168	
17.687500	599.247190	7.131786	-44.131846	122.129590	
17.700000	599.332929	6.589737	-42.591450	124.320873	
17.712500	599.412014	6.067112	-41.024151	126.433631	
17.725000	599.484689	5.564241	-39.430942	128.466532	
17.737500	599.551204	5.081442	-37.812826	130.418290	
17.750000	599.611810	4.619020	-36.170828	132.287673	
17.762500	599.666765	4.177266	-34.505983	134.073501	
17.775000	599.716329	3.756461	-32.819343	135.774645	
17.787500	599.760765	3.356869	-31.111974	137.390030	
17.800000	599.800341	2.978743	-29.384954	138.918637	
17.812500	599.835324	2.622323	-27.639373	140.359501	
17.825000	599.865990	2.287832	-25.876336	141.711710	
17.837500	599.892612	1.975482	-24.096954	142.974411	
17.850000	599.915470	1.685471	-22.302352	144.146806	
17.862500	599.934843	1.417982	-20.493663	145.228155	
17.875000	599.951014	1.173184	-18.672030	146.217775	
17.887500	599.964268	0.951231	-16.838603	147.115040	
17.900000	599.974891	0.752263	-14.994541	147.919385	
17.912500	599.983171	0.576407	-13.141008	148.630300	
17.925000	599.989398	0.423772	-11.279175	149.247338	
17.937500	599.993862	0.294457	-9.410217	149.770107	
17.950000	599.996857	0.188542	-7.535316	150.198279	
17.962500	599.998674	0.106094	-5.655656	150.531582	
17.975000	599.999607	0.047165	-3.772423	150.769806	
17.987500	599.999951	0.011793	-1.886807	150.912801	
18.000000	600.000000	0.000000	-0.000000	150.960476	
